sketch-size: 1024
reps: 10
comparisions:
50 51200 18040.6
100 102400 22795.6
150 153600 25526.4
200 204800 27177
250 256000 28850.4
300 307200 29987.1
350 358400 31497.1
400 409600 32776.7
450 460800 34305.3
500 512000 34178.8
550 563200 34992.2
600 614400 35467.1
650 665600 36553.5
700 716800 36465.3
750 768000 38005.8
800 819200 38048.8
850 870400 38143.5
900 921600 38823.9
950 972800 38569
1000 1.024e+06 38593.8
times:
50 0.0033763 0.0036737
100 0.0055169 0.0044274
150 0.0079079 0.0054838
200 0.0105941 0.0065198
250 0.0131351 0.0075698
300 0.0157798 0.008471
350 0.0185042 0.0094948
400 0.0210736 0.0104655
450 0.0236483 0.0114641
500 0.0264326 0.0122798
550 0.0291774 0.0133422
600 0.0319327 0.0141035
650 0.0342218 0.0150185
700 0.0367359 0.0158265
750 0.0393214 0.016818
800 0.0419604 0.0176432
850 0.0445713 0.0184389
900 0.0471976 0.0193505
950 0.0498239 0.020123
1000 0.0524234 0.0209525
