sketch-size: 1024
reps: 10
comparisions:
50 51200.0 17189.9
100 102400.0 22094.0
150 153600.0 24345.7
200 204800.0 28006.2
250 256000.0 29443.4
300 307200.0 31557.1
350 358400.0 32123.7
400 409600.0 32435.8
450 460800.0 34977.8
500 512000.0 36493.1
550 563200.0 36258.4
600 614400.0 35528.8
650 665600.0 36548.7
700 716800.0 38688.5
750 768000.0 38023.2
800 819200.0 38419.2
850 870400.0 39292.0
900 921600.0 40405.0
950 972800.0 42373.1
1000 1024000.0 41192.8
times:
50 0.07069642543792724 0.08567979335784912
100 0.13940260410308838 0.10275113582611084
150 0.21130015850067138 0.11575334072113037
200 0.28466851711273194 0.13299901485443116
250 0.34505400657653806 0.1385399341583252
300 0.41961934566497805 0.15073752403259277
350 0.4884270191192627 0.15324034690856933
400 0.5610242366790772 0.1566998243331909
450 0.6312531709671021 0.16828634738922119
500 0.6981456518173218 0.17642428874969482
550 0.7709312677383423 0.1757739782333374
600 0.8431417942047119 0.17448024749755858
650 0.914252519607544 0.1782174825668335
700 0.997967267036438 0.19233531951904298
750 1.0677346229553222 0.18822314739227294
800 1.1449603319168091 0.19241116046905518
850 1.2132886886596679 0.19668848514556886
900 1.306576180458069 0.2011345863342285
950 1.368047046661377 0.22097508907318114
1000 1.4889760732650756 0.20867555141448973
