sketch-size: 1024
reps: 10
comparisions:
50 51200 17943.6
100 102400 22482.2
150 153600 25396.1
200 204800 27961
250 256000 29398.2
300 307200 30292.9
350 358400 31239.4
400 409600 33735.9
450 460800 32980.7
500 512000 34072.5
550 563200 34894.2
600 614400 36042.6
650 665600 36226.6
700 716800 37375.5
750 768000 38039.4
800 819200 37980.3
850 870400 38588.9
900 921600 38943.1
950 972800 40095.7
1000 1.024e+06 39954.5
times:
50 0.0055446 0.0030516
100 0.0108905 0.0043532
150 0.0160526 0.0052343
200 0.0215742 0.0063249
250 0.0267068 0.0070524
300 0.0322881 0.0077584
350 0.0376041 0.0085371
400 0.0427779 0.0094721
450 0.0483317 0.0099252
500 0.0534633 0.0108097
550 0.058992 0.0114647
600 0.0647967 0.0122608
650 0.0698078 0.0128261
700 0.0753166 0.0135873
750 0.0805807 0.0145039
800 0.0859801 0.0155808
850 0.0921114 0.01567
900 0.0970486 0.016653
950 0.102605 0.0171198
1000 0.108476 0.0178037
