sketch-size: 1024
reps: 10
comparisions:
50 51200.0 17163.9
100 102400.0 22519.8
150 153600.0 23787.3
200 204800.0 27348.8
250 256000.0 30542.3
300 307200.0 31655.6
350 358400.0 32669.0
400 409600.0 33213.3
450 460800.0 34300.6
500 512000.0 36149.2
550 563200.0 36760.4
600 614400.0 37080.3
650 665600.0 37315.0
700 716800.0 37282.5
750 768000.0 39137.6
800 819200.0 39159.1
850 870400.0 38079.9
900 921600.0 39724.7
950 972800.0 38182.5
1000 1024000.0 40085.8
times:
50 0.059924745559692384 0.06333165168762207
100 0.12059617042541504 0.08354949951171875
150 0.18097124099731446 0.08917794227600098
200 0.24084897041320802 0.10362961292266845
250 0.3118722438812256 0.11986424922943115
300 0.40995035171508787 0.1361710786819458
350 0.458654522895813 0.13952994346618652
400 0.5629100561141968 0.1503896474838257
450 0.6389557838439941 0.15059163570404052
500 0.6768917083740235 0.15506246089935302
550 0.788414192199707 0.16498017311096191
600 0.7984497308731079 0.15565330982208253
650 0.8712766408920288 0.15750498771667482
700 0.9327908277511596 0.15800256729125978
750 0.998129153251648 0.1662445068359375
800 1.061926579475403 0.16622631549835204
850 1.1281558275222778 0.16282901763916016
900 1.198021650314331 0.17045392990112304
950 1.2663039922714234 0.1656318187713623
1000 1.3454004526138306 0.17438769340515137
